FID	IID	pc1	pc2	pc3	pc4	pc5	pc6	pc7	pc8	pc9	pc10	wolbachia	stringsAsFactors
line_101	line_101	0.0263013188731676	-0.00446928660142062	-0.0117814937788431	0.0360995045175518	-0.0192959863857107	0.0147098383155048	0.00381800576565962	0.0418344501700221	0.017765914552321	-0.000551072265798297	0	FALSE
line_105	line_105	0.0355771308125064	0.0411103074636898	-0.00177232153906672	-0.00684886843784314	-0.0276031814994841	0.0343856563418258	0.0351522716272626	-0.00896704159845209	-0.0338636972310545	0.0265985679492386	0	FALSE
line_109	line_109	0.0247895075273851	-0.00374303737503157	-0.0265039421269615	0.0218427904886707	-0.0210133947004422	0.0216128055175351	-0.0161594711171042	0.00418261618681281	0.0111569696994485	-0.000199011233705583	0	FALSE
line_129	line_129	0.0415022531379339	0.00539042085324206	0.00737298899787437	0.0115697526086598	-0.000834176829583712	0.028237640436381	-0.0117472050941076	-0.0305681490724374	-0.00779730061103054	0.031289589067648	0	FALSE
line_136	line_136	0.0119122831118621	0.0144110735614484	0.0220501451984426	0.00179051680166296	-0.00611231432565203	0.00829616660869505	0.00517034992139841	-0.0154846031288733	-0.00459110055308247	0.0148367933352917	1	FALSE
line_138	line_138	0.0337886396167471	0.0473790547639853	0.003608315772427	0.00655341849259949	-0.0328040724899381	0.0360431113214607	-0.00100839431739276	-0.0197701356379671	-0.0168108002056784	0.0554872019230184	0	FALSE
line_142	line_142	0.0242438993205917	0.017058244662259	0.0063237402021304	0.0308909228972966	-0.0143550591737349	0.0478628575628433	-0.00392750096481505	0.0260239033622885	-0.0108440011986374	0.0300260169292931	1	FALSE
line_149	line_149	0.0239900608454439	0.0146065116462905	0.0138844857187138	0.00709246805226091	-0.0176118599541937	0.0262323315265975	0.0120536444392373	-0.000344732568685144	0.0107876804729485	0.0202952932108446	1	FALSE
line_153	line_153	0.0250406759994487	0.0127684378288647	0.00640198548541188	-0.0171982847610979	0.00537995471454291	0.0155261808263646	-0.0268035451122068	-0.0190157346959019	-0.0145449667934374	0.00409418278831098	1	FALSE
line_158	line_158	0.0211806684639265	0.020441931196756	0.0128323272674218	0.013047397069631	0.0131444981298397	0.0156076557960262	-0.0114037330747552	0.00594090441815492	0.0148442668612478	0.0214295443235979	0	FALSE
line_161	line_161	0.00727858106845111	-0.14123393098068	-0.165757539914208	0.0471431041186236	0.00744146474482069	0.00376364141322816	-0.00366107310873069	0.00818327007270963	-0.00523347658155519	-0.0396225710821546	0	FALSE
line_176	line_176	0.0249584907317714	0.0293750527029061	0.00868878882748021	0.000353139793714826	-0.0177418399239628	0.011640390578011	-0.0247736376769548	0.00193374810423855	-0.00256864092039144	0.0620159460788038	1	FALSE
line_177	line_177	0.0232043187185969	0.0254794002883309	-0.0053285322322927	0.0217383291213236	-0.0261838250148168	0.0375114054778693	-0.000963761884436417	0.0134798277028396	-0.0346981810245035	0.0234774740198954	0	FALSE
line_181	line_181	0.0307079058098703	0.00803211073985641	0.00439004379534332	-0.00335528458783661	-0.0290223280392174	0.0213793062920491	-0.0242487154458799	-0.0566987711023698	0.012576751180553	0.03520484242421	1	FALSE
line_189	line_189	0.0360307455079809	0.0444869924849005	-0.0209747848886049	0.00341771549069348	-0.0323715344802219	0.0813593394472443	-0.0293207559010365	-0.00433033828012636	0.00534887482980427	0.0379239743299766	1	FALSE
line_195	line_195	0.012510221789911	0.0199194239865724	0.000152651060374155	0.0117055250127916	-0.0302330801003559	0.027781200561199	-0.0171513216043279	-0.023177900302827	-0.0217146614663528	0.0234560327619256	0	FALSE
line_208	line_208	0.0395265978100084	0.0360635351485001	-0.00678711888593442	0.0288084468882087	-0.0196068866200499	0.0580871479412271	-0.0271965165529386	0.00918401652971473	-0.0471376686465329	0.0343826936816431	0	FALSE
line_217	line_217	0.0247919874471967	0.027818120734047	0.0050699824788113	0.0273224487068423	-0.00125392825250575	0.033267172960543	-0.0319434906034328	0.0139016863543985	0.00436172256490153	0.0464239923695689	0	FALSE
line_223	line_223	0.0327405201903918	0.0217066064068268	-0.0109873901988868	0.0409130299901403	0.0100389391842923	0.0435486383240653	-0.020947045948894	0.0231516395097016	-0.0376818493055527	0.016966874482199	1	FALSE
line_227	line_227	0.0219324375049063	0.0326972188129441	-0.00106378602196648	0.00356122620169394	-0.0064584428694227	0.0228699516041621	0.00731240028484369	-0.00516797436531157	0.0152082394442723	0.0280925160540864	1	FALSE
line_228	line_228	0.0321470007897941	0.0317889770855984	-0.00445607314114136	0.0258724297834189	-0.009146928482166	0.0151478521208108	-0.0240065679001391	-0.0203074956692925	0.0115225377844499	0.0358839665416647	0	FALSE
line_229	line_229	0.0188396009314909	0.00358758840264429	0.00707090273944963	0.0230469661116287	-0.0310050041766667	0.0178808503951495	-0.0110423635256525	0.033275509098534	0.0079277441200199	0.0409994558375063	0	FALSE
line_233	line_233	0.0253136624286707	-0.161634713976644	-0.108374874678006	0.0409822240073046	-0.000393063583605008	0.00321220841078091	-0.0102306923818969	-0.0132412200245753	0.00198015129705549	0.0205580515927757	0	FALSE
line_235	line_235	0.0262931972393867	0.0300218438488655	-0.0172852854100185	0.00903990359205725	-0.0169337019745052	0.00233826180914583	-0.0112485252521389	0.00970542318208507	0.00147104787520464	-0.0131675169416373	0	FALSE
line_237	line_237	0.0195786677590251	-0.0129751673126144	-0.00807434002971113	0.0160290763317332	-0.00370273224876559	-0.0280517237302447	0.00854455909932553	0.000837259189261188	9.03022280307753e-05	0.0150733842780513	1	FALSE
line_239	line_239	-0.204901878431797	0.0547026958106958	0.00557026000228295	0.0086897115072209	0.0039642309408796	0.0160950834473253	0.0618560603051517	-0.00722995642756389	-0.00212207619755549	0.0456323954928235	0	FALSE
line_256	line_256	0.0223774263694262	0.0173625961825487	0.0191610072575143	0.0321534128445689	-0.00669341177285353	0.00584663690784383	-0.0211500507535448	-0.0263476427282496	0.0233175170583933	0.0586464893800579	1	FALSE
line_26	line_26	0.0254380511198266	-0.110963145598928	-0.142348019443268	0.0145865661215447	-0.0127443329151667	0.0089974481673932	0.00122269304213019	-0.0289951618165727	0.0134787477183666	-0.0109740076519697	0	FALSE
line_28	line_28	-0.24286400623004	0.0852739832482884	0.0206316045214958	0.0282081927120844	-0.0531810344070365	-0.111721073841896	0.105800189902655	-0.0172836242157858	0.0765154744132287	0.053640178386829	0	FALSE
line_280	line_280	0.0145548591193244	0.015289789258686	-0.00324876361425363	0.0343797315652688	-0.0380987856746125	0.0270165707046365	-0.0312096321450888	0.0397311664752219	-0.0130825255521293	0.0441268477901448	1	FALSE
line_287	line_287	0.0222407502282108	0.0267663936129046	-0.00372485400974655	0.00935901590485566	0.0118028521055607	0.0201476313170429	-0.00658418983608081	-0.0134382129215676	0.0117540730619512	0.00848081649238515	1	FALSE
line_301	line_301	0.00734393685593007	-0.00330408812671055	-0.0220826626154773	0.0298892502861295	-0.0198089021410835	0.00796225556063551	-0.0287383206916772	0.0204799701160901	0.019381647374726	0.00853266646640121	0	FALSE
line_303	line_303	0.0171317474028443	0.0342325028064501	0.0111210728226096	0.0645323438934518	-0.109611597164257	-0.332117555095185	-0.0237660625788608	0.0993395791763511	-0.0407719511760879	-0.050082009969	0	FALSE
line_304	line_304	0.0275856968719233	0.0866990545058384	0.0127797202718046	0.105454929568838	-0.188218653244898	-0.556322674370917	-0.00251421844103396	0.114162384775602	-0.0341403767998786	-0.0864132551366023	1	FALSE
line_306	line_306	0.0215402766538881	0.0512188672045945	0.011730612857429	0.08500304933887	-0.148827809571486	-0.448645923340188	-0.03812113623197	0.135634147037421	-0.054356899007955	-0.0728188719273094	1	FALSE
line_307	line_307	0.018103593294293	0.00870179675878928	0.01830946031693	0.0143047343556074	-0.040495873461967	-0.00517355131579543	-0.0648983477545957	-0.00512993890463413	-0.0169893398146428	0.0338783873226387	0	FALSE
line_309	line_309	0.0176577142145022	0.0331899329933536	0.00181508873436828	-0.00775921318953001	-0.00692761975660606	0.0164233536718279	0.0248137291157542	-0.00349020020297652	-0.00909323433379689	0.0340311091782274	0	FALSE
line_310	line_310	0.0323037352784901	0.0284593466476109	-0.0142196529091978	0.000644825549603648	-0.00353711746100969	0.0308796127008204	-0.0340131194001256	-0.0054234728719559	0.00174869983542515	0.0279297777653165	1	FALSE
line_313	line_313	0.00963766936910952	-0.136769450115537	-0.179891326930294	0.0548367036941885	0.0149610565425454	0.00672286591402255	-0.03057009105591	0.00248647146675363	0.00554260463983899	-0.0491019609350615	0	FALSE
line_315	line_315	0.0164222348580341	0.016481984229304	0.000127340601659864	0.0148126457431581	-0.0107942278423552	0.0174407372539005	0.00139304044956658	0.0134476923630472	-0.011542957951218	0.0561959596042763	0	FALSE
line_317	line_317	-0.0275241090692148	0.0323527648767925	0.00478665245545691	0.00105288893286565	0.0171300508815613	0.0235506770754177	0.00892446400583787	0.041627340384569	0.0480077902899975	0.0254949653845694	1	FALSE
line_318	line_318	0.0261126796037178	0.0509091698857575	-0.0172123988105677	0.0271797358475287	0.0161536349008304	0.0152457295021944	0.00813842013970778	0.0182590419811559	0.0193272557647714	0.0324859933068162	1	FALSE
line_320	line_320	0.0311591810585386	0.0482389313189448	-0.0160521744917778	-0.00657859330664546	-0.0279359304343286	0.0297377640680774	-0.0128010877754913	0.0057804950359474	0.00461544064150118	0.0689848291786096	1	FALSE
line_321	line_321	0.0245945394473045	-0.149169666760277	0.117394308444292	-0.106413709976098	0.0171333006565843	-0.0330859044507251	0.149335511532063	0.0272150524945095	-0.0284330100316431	0.115285491243762	1	FALSE
line_324	line_324	-0.26379092351208	0.0516557035373271	0.0044687622795919	0.0241000661843634	0.0231862858853381	0.036706364866675	-0.00706380073079941	-0.0087376962941473	0.0128700669199618	0.0518036393590301	0	FALSE
line_325	line_325	0.019989817391629	0.0313691270152359	0.00310593440278045	-0.000281609761078588	-0.0276332754437938	-0.0283874655603528	8.16186423233476e-05	0.00250562111751339	-0.00289368489093582	0.0192571813179162	0	FALSE
line_332	line_332	-0.0234348130354578	0.0367375436257074	-0.0137786904594305	-0.00300498562848118	-0.00303740941302857	0.034715343298777	0.026840380339924	-4.56743910638556e-05	0.0162817905407831	0.0294318200988721	0	FALSE
line_335	line_335	0.0301905176582398	0.021775070740697	-0.0108748451968495	0.0116627885756444	-0.00428217163966378	0.0144615036266812	0.0340274060383884	-0.000589651456753392	0.00867594623039234	0.0396228995432554	1	FALSE
line_336	line_336	0.0229909412262867	-0.0231376456938608	-0.0172058024580448	0.0154579330241345	-0.0212428488785277	-0.0364148797262491	-0.00153201315255288	0.0103340337543836	0.0306520294572802	0.0147287495047918	1	FALSE
line_338	line_338	0.0256360556939084	-0.0225269859683335	-0.0183144555912647	0.0153156837411225	-0.0168114723875061	-0.0346650642247181	0.0100431948858704	0.00566573611719364	0.0262043975367523	0.022498804622879	1	FALSE
line_340	line_340	0.0307402933443621	0.0378237259755483	-0.00997852550925974	0.0145780087053137	-0.0143854518594009	0.0565556527596561	-0.00918987794728257	-0.0103906699990012	-0.0108272374838889	0.0101042358027771	1	FALSE
line_350	line_350	-0.258338032426846	-0.164036699758093	-0.235458679017159	0.0779078613606157	0.0261465210662369	0.0159706940063238	-0.0282357766630321	0.0344106110955848	0.0210274263183466	-0.0708662957433518	0	FALSE
line_352	line_352	-0.25667453165088	-0.0205741151455236	0.0750814156894385	-0.0794760305633657	0.0286470462928548	-0.0207149972984689	-0.0979772388662906	-0.0353927705365325	-0.0162605667366682	-0.0614385262035829	1	FALSE
line_356	line_356	0.0253902022892119	0.0229450677421364	0.00503711522854884	0.00861350796314913	-0.0117008327232952	0.0163619850063332	0.0196027333706825	0.0107353492161866	-0.016477042931715	0.0324579775294859	1	FALSE
line_357	line_357	0.0143451633683896	0.0158934238945687	-0.00465653213099396	0.0151542115808154	-0.023553818345277	0.0177725364304566	-0.0115100331117489	0.00201544548592079	-0.0180440402202993	0.0493170699459217	0	FALSE
line_358	line_358	-0.270608221944593	-0.17085682633538	-0.259374855217878	0.089999106108985	0.0307277634952639	0.0222526989361613	-0.0505235530315679	0.0413590451133681	0.016109727414693	-0.0863053816540317	0	FALSE
line_359	line_359	0.0214867209990043	-0.131311915077271	-0.141374769042537	0.0461942334947947	0.0132515287914972	-0.0182225788714991	0.0203003297487852	-0.0189265148737783	0.0277437595235926	-0.0217148776990505	0	FALSE
line_360	line_360	0.020697491912398	0.0138846568158531	0.00959294820090917	0.000845739682568591	-0.0054025527060018	0.00823031988338522	0.0285757216592009	0.0112890060284215	0.00441963039836579	0.0503314187142596	1	FALSE
line_361	line_361	0.00967833033413612	0.0119471173791017	0.0082096395724781	0.0152710693408183	0.0307429582412059	5.98101658292076e-05	-0.003642128995059	0.000498076124801961	0.00529770493132763	0.0360332747270692	1	FALSE
line_362	line_362	0.016482815087457	0.0357397899254453	0.00338452828868816	0.00619709670846417	-0.0076889453801546	0.00579414084412437	0.00724591472867201	-0.00399458573561665	0.00922955911801355	0.0507431351538466	1	FALSE
line_365	line_365	0.0323078516412954	0.0104384700630814	0.02564826636093	0.00249193513965738	-0.0337345516619084	0.0362147601955444	-0.0397992190390129	-0.0343177663744803	-0.0205236743217674	0.0478830801864158	1	FALSE
line_367	line_367	0.0193313414471362	0.0285782354011632	-0.0129473994262459	-0.00527310203046623	-0.0217487081963155	0.0181849062298357	-0.00305863865552263	-0.00747311197458022	-0.00866450760585386	0.0100484884613844	0	FALSE
line_370	line_370	0.0286525574915411	0.0180798878319035	-0.0162366653012513	0.00812082275849152	-0.0267394708796193	0.0154033996991678	-0.00524924124604551	-0.0204133062670518	-0.00593931413320994	-0.0167463592720092	1	FALSE
line_371	line_371	0.030699606587582	0.0353222096802125	-0.00419876084500534	0.00897803750378615	-0.0154640492948205	0.0283210159013925	-0.00587289470507769	-0.0113575780353955	-0.0123584490939061	0.0155258702170132	0	FALSE
line_373	line_373	0.0147860816130311	0.0228989188434221	0.0135467857776969	-0.0017498217593737	-0.0149649357898341	0.00903413167197171	-0.00551524383400615	-0.0030003283993172	-0.00537871189147421	0.0263332331765468	0	FALSE
line_374	line_374	-0.231628409851305	0.0570150223818327	-0.0050506476526712	-0.0122745806645119	0.00966664095513373	0.0469904425975961	0.0088258643977343	0.000921333558309317	-0.0102505859673089	0.0409665142854782	1	FALSE
line_375	line_375	0.021676775168649	0.0375536478049503	-0.00534149017105155	0.0186629152394836	0.0233815003568508	0.0293980686032512	-0.0199314371822289	0.036663329624746	-0.00853781952647535	-0.0160023362187226	0	FALSE
line_377	line_377	0.0210383926480522	0.0105380832768734	-0.00382055033623294	0.0363366045591812	-0.0526108261982229	-0.0750538217830752	0.017911128061309	0.00317342719440902	0.0321896599616136	0.00240381234742141	0	FALSE
line_379	line_379	0.0384641255510387	0.0340925555747123	-0.014797996993447	-0.00383437367288408	-0.0181163092289532	0.00931033063200653	-0.00836937200265402	0.0122175556256801	-0.00876774670085616	0.0442702324220289	0	FALSE
line_38	line_38	0.0103893687881774	0.0177750387684895	0.0168854389485033	-0.00288297321253761	-0.00488742739748079	0.0156470977140039	0.0116082050532304	-0.0164045161249435	-0.00782841513012211	0.028883383918392	0	FALSE
line_380	line_380	0.0148595735938314	0.0140555753815763	-0.00838698545158919	0.012566462701307	-0.00885475944393825	0.00750675932773786	-0.0103371730074749	-0.0184139127482408	0.00708138427787815	0.0136955725699446	1	FALSE
line_381	line_381	0.0288444249232186	-0.0125314849117169	-0.019579231833586	0.0164574726387228	-0.0133381702705824	0.00460562747230899	-0.0114088016635877	0.00843453868860314	0.0209508908303276	0.0213129105507104	0	FALSE
line_382	line_382	0.0404763846396445	0.0135658097763159	0.00961573631023942	0.0285873406857657	-0.0219914027382146	0.0550510485540915	-0.0537085876857244	-0.00616518597529253	0.00760836585022229	0.00636343747714014	1	FALSE
line_383	line_383	0.0166004327868349	-0.128725264977992	-0.173454653541855	0.0522474885564116	-0.00998852270798242	-0.0297498557356239	-0.0278873997754506	-0.0390904038766232	0.00249413617789071	-0.0552077953916077	1	FALSE
line_385	line_385	0.0477927619466989	0.166799581070387	-0.236993329393477	-0.485813896897639	0.0826506981446769	-0.0683778194279781	-0.0238295496090093	0.103186462224157	-0.0127827188188912	-0.0123273336019858	0	FALSE
line_386	line_386	0.0216287477894899	-0.105572752859328	-0.182226581732498	0.00312185259316572	0.0155844681115405	-0.00290719734123046	0.00554894351553923	-0.0174459065953611	0.0112864589134485	-0.0507471503834396	0	FALSE
line_391	line_391	0.0233218294152012	0.0338615538183887	-0.0176426905172796	-0.0137577760187497	-0.0152376181814831	0.0331669105872153	-0.0447321862833189	-0.0225672233679533	-0.0149786445198964	-0.0125940887131353	0	FALSE
line_392	line_392	0.0424569862974403	0.127538658358482	-0.193495226756763	-0.37915357170629	0.0708761013759179	-0.0621032174881642	0.00920055627715221	0.0579523663521475	-0.0101747396532868	-0.0312086507479976	0	FALSE
line_399	line_399	0.0497041438652999	0.177288566161009	-0.257731497318375	-0.517561054079195	0.0906132555674126	-0.0746037197816691	-0.0327254029525666	0.107460420132856	-0.0171969660348039	-0.00990928215254808	0	FALSE
line_40	line_40	0.0359211774118231	0.0404429026184261	0.00246302737940448	-0.0102648239982898	-0.0399291475101755	0.0301336308091807	-0.0102624700320315	-0.0505944111871521	-0.0534574316338265	0.0644995943147586	1	FALSE
line_405	line_405	0.0273525323543328	0.0021030840433796	-0.0256348401078113	0.0316445226823929	-0.0174305837772491	0.0148157755660417	0.0021555471701943	-0.00254557011043275	0.000222174625892716	-0.000640940590708209	1	FALSE
line_406	line_406	0.0128984062159592	-0.120415322097599	-0.135996386292518	0.0394072229938451	0.0121495371713405	-0.0199525547110201	-0.0364961149498475	-0.00607819762465976	-0.0018164667964515	-0.0505382235522122	0	FALSE
line_409	line_409	-0.0542646111052021	-0.0214737610299469	0.0209373341903719	0.00150851135045811	-0.0221324594903187	-0.0665677902263036	0.0625584477920262	-0.000690924043050198	0.00721977003244315	0.0388064960888974	1	FALSE
line_41	line_41	0.0255675066122843	0.0201972981251359	0.00217965662740789	0.0100811101521234	-0.0217199966043981	0.0180985495254107	0.032102491709075	-0.0513884593559199	-0.00450066996302401	0.0493601044034158	0	FALSE
line_42	line_42	0.0293615035817351	0.0426697242644773	0.013957222631372	0.0154173740185184	-0.0253258522479897	0.0508360731213117	-0.0225076279947013	-0.0154118091133261	0.00252531150987303	0.0380358760667685	0	FALSE
line_426	line_426	0.0228333561279339	0.0050099491216101	-0.0134700941399051	0.0387927947197341	-0.0138161593229917	-0.00905891488769655	-0.00221905766043476	0.00595631403602672	-0.00505548608634752	-0.0103606859866433	0	FALSE
line_427	line_427	0.0169121042266823	0.0418093193248905	0.00495442936031507	-0.000893185303467004	-0.00356544306899354	0.0071621581249895	-0.00997336983234703	0.000960415585268245	-0.0211685935248693	0.00853859331007732	0	FALSE
line_437	line_437	-0.241072197879459	0.0657537003318468	0.0166069354380549	-0.00105834316543867	-0.00912987629935457	-0.00411937223739096	0.0674055222043111	0.000328740008524737	0.0193045547307206	0.0947642461626482	0	FALSE
line_439	line_439	0.0366172354141587	0.0179054891888416	0.000737390378622651	0.0233152293246563	-0.000292218947389733	0.0203256037999688	0.00286554377137886	-0.0117709145995044	0.00256830892003265	0.0463684894233729	0	FALSE
line_440	line_440	0.011291879444269	0.0203142617549486	0.0159550160724173	0.0110496964813467	0.0141877363772493	0.0207066041304455	0.0345374954636555	0.0154307595382501	0.00994210689823941	0.0405300827287704	1	FALSE
line_441	line_441	0.0228835566872033	0.0259016950468072	-0.00837638274547131	0.0210019388809953	-0.00474492606665838	0.0279000763999939	-0.0493321132741173	0.0361377894519591	0.00561684261657694	-0.0095007513299924	1	FALSE
line_443	line_443	0.0124845812230716	0.00130641552329033	-0.0219708825133004	0.0330287020124276	-0.00740349551065293	-0.00354095554512168	-0.0114396855254382	0.000864722810271769	-0.00238718972455075	0.00375215501884092	0	FALSE
line_45	line_45	0.0351532805896912	0.0450300030185753	0.00551668504976835	0.0444496117747535	-0.013450370619406	0.0618469817717991	0.0108127826667108	0.0115205605211989	-0.0259874656561768	0.056569814113361	0	FALSE
line_461	line_461	0.0285672253591499	0.0203449535593403	0.0109954391616989	0.0175584691410605	-0.00872185097030916	0.0305429581010466	-0.000333679461697397	-0.00883302812343503	-0.00995308207356797	0.0439552093744815	1	FALSE
line_486	line_486	0.0228702452790369	0.0293563706301114	-0.00862166055817827	0.0129619880166688	0.000122977917453181	0.0183389410486694	0.00317058368828783	-0.01219806475216	0.00808230598784953	0.0174686640014166	1	FALSE
line_49	line_49	0.00159606008199346	0.00841986317132145	0.000217969494207375	0.00859228797782691	-0.0199158275127775	-2.59258667507081e-05	0.00512576046405426	0.00872266578206958	-0.000374750649126904	0.0342175268603836	1	FALSE
line_491	line_491	0.0241914846780296	0.0236416377460225	0.0200428863062294	0.0117694834104491	-0.0217074512450098	0.0431571798668954	-0.0229866587516814	0.00730029898747891	-0.000791422519880524	0.0420322328385976	0	FALSE
line_492	line_492	0.0231218777456851	-0.136553983601076	-0.198652597544351	0.047067204590687	0.00728329989724057	-0.0251834911145312	-0.0310140235752286	-0.0309205667760161	0.0236057376337682	-0.0462154582803391	0	FALSE
line_502	line_502	0.0171764194938679	-0.0189809474841499	-0.0229508279482147	0.00228072284998054	-0.0118430251535556	0.0182030962819474	0.00537227252023179	0.0103596458985092	-0.00883578375608536	0.0394963405640488	0	FALSE
line_508	line_508	0.031687666132209	0.0358680534571563	-0.0225319805843779	0.0187920744716946	-0.016514526362963	0.0354395198505731	-0.0423356132018969	-0.0217103692405084	-0.00895947648012016	0.0329436848254002	0	FALSE
line_509	line_509	0.031422254052093	0.0453190390004177	-0.00911675535274871	-0.000185973654803228	-0.0289019059481142	0.0473090193712812	-0.0377403286346362	-0.0103184206049687	-0.0194667071926032	0.0251401624199981	0	FALSE
line_513	line_513	0.0306965971613259	0.0265672335843554	-0.00409726218563661	0.0279504399822281	-0.0274862473767448	0.025711636004548	0.000416010070287612	-0.00858435513808931	-0.0167648792383235	0.0583614523282959	1	FALSE
line_517	line_517	0.0252437356271287	0.0383532547330255	-0.00456874098734988	0.0154539278543014	-0.0273902305511556	0.011624673441323	0.0018102866511941	-0.00124993342445128	-0.00407411161224993	0.0421177935002783	0	FALSE
line_530	line_530	0.0278873118867423	0.0301302180342973	-0.0035904071046221	0.00818755579742783	-0.0149774653772368	0.0119352478379079	-0.0254540617297617	-0.0158575266198936	-0.00895022471000027	0.0399045336417814	1	FALSE
line_531	line_531	0.0242180647329103	0.0531108008369695	0.00121816138553113	0.00439926662276678	0.0108309959387199	0.0228873046504814	-0.00999352401931147	-0.0148320438682405	0.0179679419751989	0.0237989523694255	1	FALSE
line_535	line_535	0.0294786002308176	0.0355044893372792	-0.00262016046240089	0.000585141366471724	-0.00387714389673261	0.0389090479998001	-0.00695496546224403	-0.0046149482483771	-0.00484647763934869	0.0130799047977619	1	FALSE
line_555	line_555	-0.191083043658209	0.0611158396602301	0.0266802595791532	0.00483192195290766	0.0035910265527034	0.0177251554461756	0.0969935700423164	0.0183212098475704	-0.00427553188023466	0.0234931590184023	1	FALSE
line_563	line_563	0.0203394855477913	-0.0235500607734792	0.0170686260423255	0.00149021324130521	-0.00948422842375168	-0.0229573089655187	-0.0522425252560044	-0.00958915067070944	-0.00250968534922234	-0.0280849432819763	0	FALSE
line_57	line_57	0.0269300815178219	0.0247621365211243	-0.00327000650120504	0.0295527819876599	-0.0123181006162544	0.0514220320522318	-0.0386816536784464	-0.00149245281694777	0.00561085423524566	0.0540550834856461	0	FALSE
line_584	line_584	0.0338913671301583	-0.293941396015505	0.0554847942120183	-0.0941482248011735	0.017179777169298	-0.0643726469228179	0.167281145283136	0.00546865488449708	-0.0325784084771682	0.12564403624811	1	FALSE
line_589	line_589	0.0114503386788375	-0.0753507935425504	0.149442491589679	-0.0632095030941683	0.0794889895091266	-0.0120109404833455	-0.312200689576689	-0.0268285269429343	-0.102277991366762	-0.154532824525572	1	FALSE
line_59	line_59	-0.239456916016044	0.0466375675967276	-0.000860308741372989	0.0148046618718534	0.0105553227828736	0.0218650601577095	-0.005804894782428	0.00270038085746449	0.0139338646809812	0.0448206400322203	0	FALSE
line_595	line_595	0.0184563271102037	-0.121673873185364	-0.184873887812257	0.048569561152086	0.0292832508779464	0.010912182750208	-0.0165904317684849	-0.0252739837919017	0.00156611920925202	-0.0600043321460501	1	FALSE
line_639	line_639	0.0079007031647084	0.00762051439400807	0.0317853138330256	0.00635391796524511	-0.0081939075398639	-0.0183781299301589	-0.0360626443758076	-0.0182444805107998	-0.0235928277734971	-0.000922922438219948	1	FALSE
line_642	line_642	0.0106718630787085	0.0546255698770064	0.0288728944276778	0.0406292191023608	-0.065660995436605	-0.175046316166882	0.0300485720499804	-0.0626859210814319	0.00765198505370609	-0.0338020153543013	0	FALSE
line_646	line_646	0.0496991509359437	0.0260869201279431	0.0513812508370362	-0.00423916567123292	-0.0251246325617914	0.0445203842204085	0.0282480063290972	-0.0396013652247801	-0.0760716413421573	-0.0131348067753814	1	FALSE
line_69	line_69	0.0169347705845063	0.058001391966249	0.0141268069347768	0.0207565484478503	-0.0680262083806516	-0.13577312772405	0.0448583267381623	-0.0475810723398882	0.0265173109364536	0.0103451173230949	1	FALSE
line_703	line_703	0.0277531045348304	0.03552098937761	0.00275139931975186	0.0312722251970641	-0.0161278636506649	0.0272259530182016	-0.0255715095674724	0.00338223659568197	-0.0149587669297698	0.0465103638947689	0	FALSE
line_705	line_705	0.0222105024629	0.0172462292010764	0.00448184869546468	0.0145069682305114	0.00149865475351715	0.0210356447440266	0.00237569808940306	-0.0202036769736809	-0.00499854472882512	0.0134658822433415	1	FALSE
line_707	line_707	-0.133957872697259	0.0530820247726942	0.0113220614681709	-0.0239701910576435	-0.012943294462924	0.0189731793696847	0.0308801895118373	-0.0259310441148893	0.00819014637953359	0.0486131407691339	1	FALSE
line_712	line_712	-0.284197803862256	-0.059682341700796	0.180695496427586	-0.139188272373839	0.0584430302831425	-0.0314284297420234	-0.223964413991658	-0.0627297994374972	-0.0616281750078595	-0.140269136024009	1	FALSE
line_714	line_714	-0.197775769693823	0.0499010467020239	0.0122087788508321	0.0136579521858157	-0.0136493228672483	0.0250978895510893	0.0330397725456806	-0.0024771014055098	-0.00888499207139202	0.0369083956520471	0	FALSE
line_716	line_716	0.027694664778071	0.0253657595681881	0.0131761650345118	0.0367815335973551	-0.0163699814174467	0.0503383227949622	-0.143916777492981	0.0281518103802771	0.0300505404508763	-0.0245356073913647	1	FALSE
line_721	line_721	0.0236803348939444	0.0325645001302424	0.0123574334327361	0.0503359652596253	-0.00790655376394753	0.0216879021167768	-0.0580305572939771	-0.00566447474719283	-0.0455478164056997	-0.00280959389517114	1	FALSE
line_727	line_727	0.0254581838884258	0.0190534546756594	0.0252058828963083	0.0203275192868421	0.00264679686731127	0.030584839320412	-0.00357715270887639	-0.00054998480053144	0.0383515389097101	0.0219561667773563	1	FALSE
line_73	line_73	0.0298024899210227	0.00719684254259123	0.0528797816814884	0.00849519117081748	0.0352891313207556	-0.00275402535913116	-0.11191553954915	0.00542185047230009	-0.0287588417610971	-0.012268397057688	1	FALSE
line_730	line_730	0.0169510956464169	-0.0180778625222463	0.0606370612083265	-0.0108565704353368	0.00451645155016332	-0.00481578032750855	-0.101789985087335	-0.0239045852946428	-0.0536106788658684	-0.0568030750137447	1	FALSE
line_732	line_732	0.013779416826043	0.0125638133432183	0.0250715137779363	-0.00850899419192594	-0.0119046185575909	0.0231733846167214	0.0436279044944772	-0.0124851532598925	-0.00667023653002665	0.0448996598014496	0	FALSE
line_737	line_737	0.0289425031337835	-0.130862148360397	0.0819144407001577	-0.0997952061264958	0.00642743994600693	-0.0216490251841353	0.1351459052176	0.0131494579566688	0.000907398269944203	0.11909789318062	1	FALSE
line_738	line_738	-0.0198995703044111	0.023868994078219	0.00415850474474682	-0.000173435484345671	-0.00569289456873954	0.00762175215946538	-0.0014748302554758	-0.000255599383600843	-0.00509210173021435	0.0287711200185196	1	FALSE
line_748	line_748	0.011386161474144	-0.408785778993533	0.112052947871408	-0.148330133716822	0.0523599910022288	-0.0703311750820406	0.109543043786863	0.00439257385152707	-0.0283124748211496	0.0476271309388056	1	FALSE
line_75	line_75	0.0298302213962106	0.037416013324741	-0.000549308646068942	-0.00125014268462217	-0.00785430595815218	0.00283313160916413	-0.0241674010772051	0.0016601264088112	0.0163458948331851	0.0254060387575168	1	FALSE
line_757	line_757	0.0254609377078483	0.0495613738525031	-0.00803679871894329	0.00123194300013374	-0.0121882391237423	0.0066287563573617	0.0565004880424656	-0.0662636760543472	-0.0472803007972027	-0.0724032223890413	0	FALSE
line_761	line_761	0.00835115976943232	-0.00946737774619807	0.045150251937736	-0.00498770921050077	-0.00246256400103637	-0.00141265511779351	-0.0237357516732626	0.00365505674509268	-0.0391286901457572	0.00244465299351981	1	FALSE
line_765	line_765	0.0324096311573015	0.0329571352177595	0.00702629066356448	0.0150353802500736	-0.0104819578248924	0.0235014086028035	0.00257133311466019	-0.0085686642724447	0.0207507233621938	0.0309762914865716	0	FALSE
line_774	line_774	0.0233448273766969	-0.0145967535147481	0.0253085137786831	0.00395374498817438	-0.00942445631846583	0.00200751883663355	0.0180347925627834	0.0233230773473058	0.00251977501071125	0.0210108385146678	0	FALSE
line_776	line_776	0.0376182871078899	0.0393401571058584	0.0365529796780161	0.0268138805109415	-0.0235212049736823	0.0553902853129918	0.0608103863667709	0.0558824238825862	-0.0866994872171268	-0.0587694536949933	1	FALSE
line_783	line_783	0.0375910185555552	-0.0287778803160813	0.0956166330357374	-0.0107296736719744	0.0182356229743725	0.0028937889707537	-0.17712372698244	-0.0290417330105727	-0.0860891036088532	-0.0462000590421408	1	FALSE
line_786	line_786	0.0492595861763508	0.0129012884341505	0.0265389225201539	0.0015377436525363	-0.0335833382064904	0.072372679125219	0.0244633031400832	-0.0530218684459953	-0.112766258717926	0.111518393417836	1	FALSE
line_787	line_787	0.043851778443387	-0.0681467766655575	0.0974037467138284	-0.0365936466295247	-0.014586918433541	0.0217401262597992	0.0862946617008645	-0.0414505902337826	-0.128275498166941	0.103458523387515	1	FALSE
line_790	line_790	0.00814090666632729	-0.0843564032681774	0.187951009779494	-0.046955243424634	0.0849525192516475	-0.0189500231864575	-0.374046194365747	0.0169435465819711	-0.0483353480486355	-0.228987985835694	1	FALSE
line_796	line_796	0.0188578102534613	0.0064652299753632	0.0358025354965051	0.00409554353700891	-0.011776515264189	0.0238668173356124	-0.0914218556907811	-0.0313089189257408	-0.0444901961580916	-0.00382474606787282	1	FALSE
line_799	line_799	0.0199915341998549	-0.259318751035317	0.241761714568765	-0.192809483692433	0.0483791416548657	-0.0606325756634677	0.0660048027694203	0.0175952116590166	-0.0502705119983739	0.0467493307726515	0	FALSE
line_801	line_801	0.0271856097808743	-0.19316673488333	0.157969642985312	-0.115508731694914	0.0180101728203354	-0.0384304566134301	0.154946228873581	0.0519432210525878	-0.000736351330929745	0.094052406960832	1	FALSE
line_802	line_802	0.0131544446647261	-0.11315698242497	0.0899800748875392	-0.0639894571859688	0.00159458261729978	-0.0162138855380255	0.0966925951433479	0.051608678945847	0.0195432940884967	0.0136112461424703	1	FALSE
line_804	line_804	0.022751943152201	0.0290635012641039	0.00136282370740552	0.0372202862517774	-0.00167008207941169	0.0362009327497669	0.00612947882679908	0.00804563761063801	-0.0495099604350141	-0.0209164003249589	1	FALSE
line_805	line_805	0.0192531584121935	-0.0186777533971659	0.0550505952727345	-0.00734386975838215	0.0139558958681944	-0.0104044586556593	-0.101022476460334	-0.0178597052839484	-0.0460196116039192	-0.0361615753132414	1	FALSE
line_808	line_808	0.0359816296184792	0.0257786816239593	-0.00519291664430542	0.0154350610749802	0.0068798590794218	0.0395598428911162	0.0242467613373625	-0.0181402158107359	0.0111685826664493	0.0472703138896958	0	FALSE
line_810	line_810	-0.209057957492261	0.0415015822524516	0.055334048585249	-0.0109232404773646	0.00762558692130266	-0.0149489732458759	0.16506808927102	0.0332226022523875	-0.0279443543989783	-0.0346368389721255	0	FALSE
line_812	line_812	-0.0221405127425642	0.027977233134423	0.0083451530732353	0.0354669257130689	-0.0467830273971039	-0.142873150834363	0.106305929806668	-0.0216705260456376	-0.0129111390513104	-0.0304883423544113	0	FALSE
line_818	line_818	0.0185230066342584	0.0176043906481986	0.0187480380598802	0.00965875571248005	-0.0148402910157231	0.0561889270103055	0.041158949670271	0.0474511682372596	-0.00287899449877079	-0.053451442169195	1	FALSE
line_819	line_819	-0.0329899042086848	-0.114022810145399	0.168685292440884	-0.114924777444858	0.0396484831708872	0.00175457058290576	-0.157122012235986	-0.0638697028429885	-0.034152305838848	-0.117412702849943	1	FALSE
line_820	line_820	-0.143608274186324	0.0494689005096106	0.000710027223714726	-0.0128636198685627	-0.00423713262671746	0.0170500399067269	0.0387685539832449	0.0169278688282995	0.0391586454596277	0.0401975254757661	1	FALSE
line_821	line_821	0.0291579314024601	-0.0306781650547463	0.0627501869245539	-0.014565557667212	-0.0315660440400789	-0.0195016338280947	-0.0398740065152896	-0.0109192336475278	-0.0323189894865431	0.0240110709981235	1	FALSE
line_822	line_822	0.0454981808359054	0.0466604960933151	5.98186713310203e-05	-0.0466708207459244	-0.0028531765278488	0.0173840187020913	0.155218297806984	-0.447634480799297	0.115048465206504	-0.27765630137971	1	FALSE
line_83	line_83	0.0280375844387246	0.028157355314977	-0.0043214120900639	0.0245297107970597	-0.0166778744094713	0.0169648213421575	-0.0408950007803341	0.0125484529710583	0.0117778735428001	0.0172182471074861	0	FALSE
line_832	line_832	0.0499685938281924	0.051914091371846	0.00944562237577416	-0.0694402275681224	-0.0192716815065581	-0.00505542640024111	0.204903899431415	-0.527119113983561	0.14795347979675	-0.330572667826264	1	FALSE
line_837	line_837	0.00862717191105109	-0.129658620859685	-0.16364793574302	0.0618461784215506	0.0214253636181269	0.00804706480595128	-0.00646825308369941	0.0162644062816798	0.0143979221898297	-0.0389950007970423	1	FALSE
line_843	line_843	0.0535228465423044	0.096336929682373	0.0194459537738622	0.163067291779045	0.639100484901726	-0.166709567124147	0.0595780332387346	-0.0128056981055629	0.0895939887463305	0.0691249023786373	0	FALSE
line_849	line_849	0.0216209826427034	-0.0154726483493111	-0.00876367560765155	0.0240008706469883	-0.00511434101057993	0.0147356875060179	-0.021833065643677	0.0197454481747608	0.00922354952849073	0.00793843595024727	0	FALSE
line_85	line_85	0.0294548430687615	-0.0147774374332666	-0.0353281815912097	0.0345677943309581	-0.0114072602494885	-0.00248227042987394	-0.00990200582397829	0.0125434247697743	-0.0128243311273619	0.00467586678824239	0	FALSE
line_850	line_850	0.047635487986015	0.00113767205147682	0.119769445876678	-0.0172515429250704	-0.0537828895008564	0.114277963420441	0.0474533957108496	0.312027952093783	0.519131192777532	-0.177643475922255	1	FALSE
line_852	line_852	0.0279479631011589	0.0482088187815626	0.0325207820758862	0.00890981164039279	-0.0893603874023047	-0.141332576193693	0.126615606869984	-0.154740880966581	0.154306092633376	-0.103379573255915	1	FALSE
line_853	line_853	0.0343371371564775	-0.0135398157488059	0.0798544823537282	-0.00877094260016657	-0.0257321900090402	0.0663785271257692	0.0190675475038371	0.183923131982049	0.329365537516096	-0.105168321185355	1	FALSE
line_855	line_855	-0.0688042247970396	0.0497571541162837	0.022086613066447	-0.0343099511052001	-0.0187355660699747	-0.00259675342704164	-0.0197831089859176	-0.0495669491132058	-0.0175788200517322	-0.0209648393909013	1	FALSE
line_857	line_857	0.0247404764158433	0.0233586849777882	0.00739947495490872	0.0212526515104275	-0.0405761836132226	-0.0531308416307276	-0.00461127320596116	-0.0110346651446024	0.0180624979777248	0.00722724332910089	0	FALSE
line_859	line_859	0.0291173411332858	-0.0167035432857043	0.110474563352417	-0.0191089723834196	-0.0209494504949606	0.0923697146712358	0.0152377811332195	0.258156559506489	0.394024393758567	-0.164110737170541	1	FALSE
line_861	line_861	-0.252661683802504	0.0374737976351175	0.0592238157856296	-0.0480247369653962	0.00999622918619752	0.0219376410879175	0.0212226869233143	0.00177691541402799	0.0146614642144207	-0.0355773912681831	1	FALSE
line_879	line_879	0.0546408280936075	0.0835092957586449	0.0344795196590808	0.157027744456886	0.622201413458029	-0.169898479592189	0.0130276771506694	-0.0248222412286153	0.0851813448022026	0.0743140727491112	1	FALSE
line_88	line_88	0.021049673880913	-0.0113709074736389	-0.0201802191489762	0.0216860539836398	-0.0102305468643776	0.00538065292093777	-0.0165220803550897	0.00679345648825259	0.0164934995250009	0.00804435525528056	0	FALSE
line_882	line_882	0.0336506266567219	0.0661850231227219	0.0353900109286458	0.0737054529491592	0.0776445479564815	0.128791913367905	0.282238884210922	0.239948834816101	-0.341157621766426	-0.370773483528755	1	FALSE
line_884	line_884	0.0126874640779957	0.0174237043572505	0.00685974905994506	0.00940279701483196	-0.00727366292419105	0.023438158997735	0.0165453640870501	-0.0177070532851515	0.00309349041242813	0.0395241120449252	1	FALSE
line_887	line_887	0.038942280947187	0.0658026091266822	0.0331837759238592	0.0790185662734095	0.08221745847488	0.140479749384902	0.273416835169496	0.260061740633013	-0.352617897283016	-0.375664655846628	1	FALSE
line_890	line_890	0.0186690395217195	0.0085216927754673	0.0405383950117813	0.0294146771179808	0.0217245112195449	0.0113701385316507	-0.189260253079631	0.00826253881468734	0.0263209673862627	-0.126273733415512	1	FALSE
line_892	line_892	0.0209088193175791	0.0320356605629338	0.00720124710985527	0.0116454872707326	-0.012187140891265	0.0336302633718176	-0.0295018742756048	-0.0445661568774035	-0.0370495359115993	0.0146611173963525	1	FALSE
line_894	line_894	0.00962691611347396	-0.173253010323186	-0.128456840565338	0.0286571543552789	-0.0033126147972397	-0.027369050751311	0.00750689285251513	0.0286497009715198	0.0169606025371289	-0.0308179034867449	0	FALSE
line_897	line_897	0.0263840526049066	0.0113533322736574	0.00373138753872388	0.0298024492063607	0.000131568186759336	0.045713494047733	0.00341215571515579	-0.023074988649448	0.0653751579048645	-0.0380083434383615	1	FALSE
line_900	line_900	0.0350640892928266	-0.0414696575839818	0.071528667641362	-0.0891342200430898	0.0169088168577827	0.00454884545734276	0.0634721574377303	-0.106474707597602	0.0572848613396947	-0.0936216614965327	0	FALSE
line_907	line_907	0.0205600485799257	-0.078323285100417	0.0751024798981411	-0.0547885200320127	0.00175941992007773	-0.0101018040227371	0.103741007899586	0.0203962014498993	0.0191999248974532	0.0979842841703321	0	FALSE
line_908	line_908	-0.152653312096885	0.0290923671737368	0.0216794083916408	-0.0079298289331888	0.0115451836845856	0.0184333855934316	0.0421594915683837	0.0153447081007816	-0.0329995067700714	0.0135420975598209	0	FALSE
line_91	line_91	0.0207765767102607	0.0400616515623387	0.00800086349413961	0.00794379380079222	-0.000873542907024326	0.0221287084077692	-0.0181850727866352	-0.021255617077117	-0.011126863520655	0.0255313669462887	0	FALSE
line_911	line_911	0.0273583738190803	0.0256892720998352	0.027630957757142	0.00961247652288972	-0.0177496290900498	0.0158007312503213	0.00424627206133445	-0.0322315332632365	-0.00178875261199841	0.0299669739348209	0	FALSE
line_913	line_913	0.0129485141642619	-0.0401197199853372	0.0637386892350651	-0.0283412339397335	-0.0112842698558468	0.00144084565464378	-0.000962500166663164	-0.0043266976641233	-0.0229601862244945	0.0309960471804518	1	FALSE
line_93	line_93	0.0196350697226252	-0.140959108469255	-0.169334243351967	0.0518903488637717	0.00601383082856993	0.0268920707081629	-0.0209977190894348	0.0109792057122308	0.00249914208004211	-0.0237931348386897	0	FALSE
